base = 0.21139333

[0.22697389, 0.22275473, 0.21732596, 0.2152179, 0.21139333, 0.20697354, 0.21151742, 0.2116162, 0.21127248, 0.226687]


real meta to discriminator = 0.21376067

[0.23541999, 0.21811122, 0.21881726, 0.21496682, 0.21376067]

smoothing coef = 0.20570788
[0.22344874, 0.22701995, 0.21995275, 0.21379344, 0.2195962, 0.21858756, 0.21340676, 0.21274468, 0.20832796, 0.20570788, 0.20448534, 0.2067225, 0.20306438, 0.2032725, 0.20372164, 0.19994493, 0.20631099, 0.20793384, 0.20731656, 0.21359946]